29 289 216 8 14 1
30 391 244 9 16 2
30 424 246 9 18 2
30 313 239 9 10 0
35 243 275 9 30 2
35 365 219 9 21 2
43 396 267 10 39 3
43 356 274 7 19 2
44 346 255 12 56 3
44 156 258 9 28 0
44 278 249 11 42 4
44 349 252 8 21 1
44 141 236 12 56 1
44 245 236 9 24 1
46 297 256 11 45 3
45 310 262 9 20 2
45 151 139 9 35 3
45 370 357 8 15 4
45 379 198 14 64 4
45 463 206 10 31 3
45 316 245 13 60 4
46 280 225 10 36 4
44 395 215 10 27 1
49 139 220 13 59 0
49 245 205 11 37 4
49 373 215 8 25 1
51 224 215 11 54 3
51 677 210 11 33 4
51 424 210 14 59 4
61 150 210 10 30 0
